1036  
1006  
1006  
1058  
1022  
1039  
964  
878  
936  
1000  
972  
919  
931  
856  
842  
847  
864  
828  
792  
800  
808  
775  
783  
794  
811  
786  
742  
683  
683  
700  
747  
769  
744  
839  
997  
956  
964  
978  
1006  
978  
883  
828  
836  
858  
936  
942  
911  
917  
942  
958  
1000  
1092  
989  
964  
903  
853  
864  
889  
864  
844  
806  
742  
750  
789  
831  
864  
936  
1031  
989  
903  
908  
967  
986  
914  
872  
892  
908  
911  
997  
1031  
1017  
981  
975  
925  
942  
975  
942  
836  
844  
842  
844  
867  
861  
822  
806  
750  
756  
733  
800  
894  
919  
556  
494  
1197  
492  
464  
1347  
1003  
533  
1172  
522  
472  
1286  
525  
1297  
539  
478  
1272  
922  
497  
486  
1356  
511  
497  
1311  
869  
506  
472  
1275  
886  
525  
481  
1228  
461  
1211  
517  
481  
1325  
514  
1239  
494  
1175  
514  
486  
1342  
547  
1192  
500  
464  
1261  
497  
1269  
536  
483  
1236  
522  
431  
1225  
506  
508  
1281  
519  
1117  
508  
461  
1219  
522  
1250  
519  
483  
1250  
486  
1219  
842  
819  
558  
497  
1286  
478  
486  
1378  
522  
1333  
892  
817  
922  
892  
525  
531  
1306  
525  
1272  
494  
450  
1214  
514  
1328  
567  
1239  
542  
1256  
1028  
1081  
931  
847  
1031  
533  
481  
475  
1481  
550  
1447  
1161  
1108  
1058  
1114  
1156  
1111  
1089  
1028  
1125  
1114  
1014  
914  
878  
939  
1056  
1136  
1133  
1050  
1017  
1072  
1086  
1094  
992  
892  
928  
1100  
1044  
1092  
1056  
1064  
983  
1044  
1031  
1069  
956  
989  
1125  
1081  
1064  
947  
867  
925  
1031  
1150  
1136  
1033  
997  
1008  
989  
1031  
1114  
1114  
1047  
1075  
1142  
1025  
1042  
1047  
1042  
1058  
1139  
1147  
1069  
928  
867  
875  
947  
1053  
989  
892  
831  
814  
831  
869  
992  
1050  
889  
892  
947  
947  
903  
942  
933  
525  
1194  
908  
961  
894  
806  
803  
856  
822  
850  
875  
936  
933  
864  
900  
961  
1000  
1028  
1014  
961  
917  
972  
1089  
1017  
1039  
1022  
1025  
958  
1056  
1097  
1083  
953  
961  
1081  
1136  
1050  
1067  
1064  
1025  
1053  
1100  
1022  
986  
969  
928  
1008  
1092  
1083  
942  
972  
1019  
1075  
956  
931  
956  
961  
933  
992  
1142  
1047  
1028  
1036  
939  
1036  
1100  
1058  
958  
1014  
1036  
1056  
1117  
1103  
1022  
969  
975  
944  
911  
961  
1108  
1014  
1103  
1075  
1067  
1033  
911  
933  
1000  
989  
1100  
1086  
986  
1019  
1033  
1108  
1031  
1014  
986  
922  
1006  
1108  
1056  
1028  
944  
989  
1075  
1028  
1033  
1006  
931  
964  
1014  
1006  
1044  
1028  
928  
967  
975  
953  
1003  
992  
986  
992  
958  
1006  
933  
967  
992  
1003  
931  
1006  
1047  
992  
908  
864  
908  
889  
903  
858  
906  
1033  
1053  
1075  
1031  
1022  
964  
928  
886  
911  
1022  
1150  
1069  
958  
983  
1094  
1108  
1094  
997  
989  
1047  
1078  
1050  
986  
839  
814  
839  
897  
872  
872  
853  
794  
756  
761  
775  
800  
767  
778  
764  
728  
717  
686  
733  
783  
836  
936  
1000  
478  
1169  
947  
928  
906  
969  
983  
489  
1150  
942  
1000  
964  
892  
903  
947  
975  
964  
886  
850  
844  
922  
931  
956  
1003  
1025  
947  
906  
889  
928  
1042  
994  
928  
906  
961  
1028  
1008  
961  
969  
947  
889  
875  
897  
919  
831  
842  
814  
797  
869  
881  
878  
872  
797  
753  
828  
858  
936  
958  
903  
856  
867  
889  
942  
1000  
1000  
917  
875  
883  
889  
889  
919  
950  
944  
872  
889  
944  
1006  
981  
950  
964  
906  
908  
1000  
953  
994  
944  
894  
906  
881  
889  
881  
917  
850  
883  
961  
1008  
1019  
1022  
986  
911  
928  
961  
953  
975  
972  
903  
897  
994  
1003  
1006  
1014  
969  
933  
928  
953  
975  
1033  
969  
886  
928  
994  
1003  
1000  
922  
861  
858  
867  
831  
847  
847  
817  
803  
814  
869  
944  
1047  
1033  
956  
969  
956  
1011  
1094  
1028  
975  
967  
997  
1003  
1011  
989  
931  
936  
964  
1011  
1003  
1017  
947  
928  
1000  
994  
986  
989  
944  
814  
872  
961  
1014  
1006  
917  
875  
861  
908  
906  
900  
908  
917  
914  
911  
942  
981  
1042  
1000  
967  
1033  
1092  
1117  
1058  
1014  
997  
961  
1003  
997  
931  
919  
889  
856  
886  
889  
903  
858  
806  
831  
819  
900  
942  
911  
908  
936  
883  
836  
850  
922  
944  
956  
928  
839  
886  
958  
969  
936  
903  
894  
906  
894  
936  
969  
992  
928  
906  
875  
908  
961  
975  
867  
889  
919  
1000  
1003  
953  
886  
819  
803  
856  
953  
978  
1017  
1017  
1008  
953  
994  
997  
931  
950  
922  
936  
989  
972  
947  
928  
825  
817  
828  
872  
850  
850  
831  
831  
822  
794  
833  
861  
833  
850  
769  
786  
817  
847  
992  
983  
925  
861  
806  
839  
814  
867  
908  
864  
853  
847  
517  
1119  
839  
839  
808  
500  
1044  
497  
1097  
506  
1144  
808  
508  
1083  
489  
1192  
811  
775  
867  
522  
1047  
750  
731  
478  
469  
1214  
808  
497  
1072  
483  
1039  
783  
819  
519  
1136  
775  
489  
472  
1061  
503  
1033  
747  
514  
511  
1047  
475  
903  
522  
931  
536  
900  
506  
894  
483  
850  
458  
897  
478  
997  
483  
997  
472  
919  
450  
972  
486  
1017  
500  
1028  
461  
950  
472  
906  
525  
911  
489  
942  
494  
914  
456  
914  
456  
972  
503  
989  
478  
911  
444  
861  
444  
911  
481  
908  
481  
897  
458  
883  
442  
936  
442  
978  
472  
956  
481  
869  
439  
864  
472  
936  
478  
939  
456  
917  
428  
889  
453  
922  
464  
978  
481  
1014  
450  
967  
442  
986  
478  
1056  
503  
981  
461  
894  
469  
917  
489  
936  
497  
928  
475  
894  
464  
922  
464  
1008  
483  
1061  
519  
931  
497  
906  
514  
925  
553  
944  
497  
972  
464  
981  
469  
1078  
494  
1158  
497  
1133  
467  
1122  
483  
1269  
511  
1192  
492  
1181  
489  
1219  
508  
1203  
525  
1114  
492  
1017  
494  
1125  
514  
1219  
514  
1142  
478  
1172  
528  
1211  
533  
1103  
531  
1033  
503  
1144  
522  
1194  
544  
1144  
481  
1089  
533  
1097  
550  
1097  
508  
1042  
489  
464  
1175  
492  
1114  
506  
514  
1142  
439  
1094  
489  
1092  
561  
1042  
522  
947  
475  
992  
511  
1061  
494  
1056  
489  
1075  
481  
1078  
497  
1131  
550  
1067  
494  
961  
722  
531  
511  
1206  
519  
1069  
506  
1036  
497  
1133  
558  
1092  
786  
742  
725  
508  
469  
1092  
800  
781  
756  
503  
1061  
486  
1047  
611  
997  
781  
508  
469  
1161  
506  
1044  
586  
1086  
783  
822  
817  
861  
492  
1239  
947  
897  
908  
975  
892  
917  
969  
942  
897  
886  
833  
864  
875  
911  
881  
817  
817  
811  
800  
878  
897  
867  
886  
872  
842  
875  
953  
931  
947  
953  
864  
889  
953  
936  
942  
897  
878  
883  
828  
883  
931  
906  
911  
864  
814  
789  
750  
800  
822  
561  
461  
1092  
503  
978  
556  
950  
508  
978  
550  
931  
686  
497  
450  
1131  
550  
1092  
753  
739  
489  
419  
1219  
547  
1147  
539  
1106  
736  
722  
733  
758  
844  
861  
519  
1117  
800  
753  
842  
939  
547  
1167  
847  
783  
517  
461  
1203  
542  
1167  
822  
758  
494  
436  
1175  
531  
1228  
831  
803  
781  
767  
767  
789  
850  
822  
808  
836  
814  
769  
764  
819  
875  
864  
806  
786  
797  
811  
839  
850  
839  
806  
822  
858  
847  
875  
914  
881  
906  
872  
803  
911  
992  
969  
869  
847  
778  
806  
872  
953  
917  
994  
989  
903  
964  
1003  
608  
1325  
558  
1136  
828  
833  
936  
550  
483  
1283  
492  
1228  
494  
458  
1300  
556  
1297  
497  
1178  
506  
1264  
531  
1383  
508  
1247  
508  
1281  
506  
1389  
522  
1336  
494  
1256  
547  
1353  
556  
1278  
961  
892  
525  
503  
1364  
547  
1333  
544  
467  
1208  
539  
1281  
556  
1283  
914  
503  
1228  
953  
575  
519  
1258  
544  
1200  
514  
1247  
542  
1322  
967  
511  
494  
1269  
514  
1369  
1044  
947  
986  
539  
1319  
1075  
997  
1050  
539  
1253  
975  
581  
533  
1342  
556  
1211  
514  
1244  
619  
1294  
947  
544  
494  
1217  
506  
1286  
922  
550  
508  
1194  
481  
1247  
536  
1272  
536  
1236  
500  
1164  
508  
1236  
536  
1303  
500  
1189  
497  
1269  
539  
1331  
525  
1242  
497  
1267  
544  
1283  
542  
1264  
508  
1219  
500  
1292  
556  
1300  
508  
1236  
489  
1250  
547  
1311  
511  
1253  
508  
1197  
500  
1325  
522  
1281  
514  
1228  
500  
1339  
542  
1306  
511  
1197  
508  
1228  
542  
1242  
964  
964  
531  
1192  
939  
989  
956  
556  
1228  
964  
964  
997  
1008  
992  
958  
1008  
547  
1314  
1114  
1036  
1017  
1017  
539  
1333  
1075  
567  
1267  
1031  
533  
1317  
569  
1272  
611  
1206  
522  
511  
1300  
553  
1336  
522  
1256  
503  
1264  
550  
1331  
531  
1286  
503  
1242  
531  
1303  
1008  
556  
1197  
508  
1242  
567  
1206  
558  
1092  
522  
1186  
919  
553  
1289  
581  
1289  
497  
1197  
531  
1308  
1000  
553  
1233  
969  
533  
1350  
547  
1372  
542  
1267  
525  
1319  
558  
1356  
550  
1253  
506  
1297  
572  
1325  
550  
1286  
514  
1200  
906  
978  
564  
1347  
978  
931  
1044  
1136  
1058  
1083  
1067  
1067  
1028  
1094  
1097  
1061  
1025  
1042  
1156  
1128  
1069  
1017  
1089  
1122  
1047  
1072  
1022  
1053  
1058  
1067  
1111  
992  
972  
1075  
1078  
1033  
1067  
1019  
1014  
961  
989  
1089  
1158  
1131  
1108  
1108  
1117  
1128  
1092  
1044  
1006  
1106  
1122  
1086  
1156  
1022  
1017  
1075  
1128  
1156  
1014  
1086  
1086  
1139  
1019  
1008  
1019  
1000  
936  
1008  
1081  
1033  
958  
1003  
975  
1122  
1022  
1036  
1061  
989  
1078  
1094  
1003  
969  
994  
1000  
1056  
1092  
1064  
1003  
942  
969  
1000  
1039  
1086  
992  
1000  
1053  
1072  
1089  
1064  
997  
956  
942  
989  
981  
1019  
1008  
942  
1017  
1097  
1044  
1050  
1000  
956  
1028  
1111  
1117  
1100  
1039  
1133  
1133  
1136  
1103  
1022  
1042  
1058  
1108  
1172  
1061  
1086  
1067  
1103  
1150  
1083  
1069  
972  
1097  
1114  
1044  
969  
869  
864  
844  
886  
875  
836  
831  
811  
839  
839  
864  
839  
856  
906  
519  
1186  
872  
544  
1278  
969  
522  
1186  
553  
1172  
586  
1203  
533  
492  
1247  
475  
1269  
511  
1306  
539  
1258  
481  
1167  
497  
1339  
553  
1281  
508  
1247  
486  
1269  
533  
1306  
536  
1183  
489  
1131  
508  
1264  
531  
1281  
489  
1214  
492  
1283  
536  
1317  
525  
1233  
486  
1144  
519  
1250  
528  
1206  
486  
1078  
503  
1228  
514  
1281  
511  
1197  
500  
1281  
550  
1294  
536  
1225  
503  
1186  
533  
1239  
925  
536  
531  
1250  
514  
1206  
892  
544  
522  
1297  
486  
1217  
486  
1269  
567  
1281  
553  
1181  
497  
1150  
550  
497  
1294  
506  
1264  
489  
1164  
503  
1283  
531  
1211  
500  
1178  
494  
1228  
539  
1228  
522  
1156  
492  
1172  
517  
1269  
539  
1275  
514  
1217  
511  
1275  
544  
1308  
522  
1172  
508  
1278  
558  
1272  
528  
1239  
556  
1167  
506  
1314  
564  
1311  
506  
506  
1231  
525  
1286  
556  
492  
1308  
500  
1303  
517  
494  
1433  
1072  
978  
528  
461  
1350  
1158  
564  
500  
1336  
494  
475  
1356  
1092  
964  
1014  
542  
481  
1283  
1097  
1139  
1103  
1064  
1147  
1056  
992  
1025  
1117  
1006  
1081  
1169  
1136  
1150  
1161  
1183  
1244  
1203  
1222  
1111  
1111  
1061  
1156  
1242  
1181  
958  
983  
1047  
967  
944  
592  
503  
1244  
961  
989  
964  
578  
519  
1350  
1100  
1125  
581  
533  
1422  
1128  
533  
483  
1447  
1219  
564  
511  
1381  
1214  
533  
536  
1503  
531  
500  
1361  
1119  
542  
500  
1472  
1183  
525  
475  
1392  
1203  
567  
508  
1436  
1156  
525  
467  
1453  
1275  
542  
503  
1369  
528  
481  
1456  
1283  
544  
503  
1356  
492  
478  
1500  
1194  
553  
478  
1372  
1144  
558  
519  
1472  
1100  
525  
475  
1356  
1178  
564  
514  
1372  
1061  
528  
497  
1378  
1206  
547  
531  
1311  
517  
483  
1389  
525  
519  
1331  
519  
1178  
531  
478  
1336  
533  
481  
1278  
494  
1289  
533  
575  
1353  
522  
1294  
947  
508  
1292  
1022  
564  
1336  
981  
517  
503  
1433  
1192  
550  
1350  
547  
508  
1419  
1183  
569  
536  
1389  
1031  
539  
508  
1497  
1147  
1028  
542  
511  
1389  
1133  
575  
506  
1378  
981  
525  
1272  
614  
1214  
856  
931  
864  
561  
492  
1347  
567  
1167  
800  
764  
808  
797  
861  
572  
489  
1253  
511  
1103  
897  
569  
514  
1211  
542  
1047  
500  
458  
1172  
528  
1156  
536  
1072  
503  
1086  
497  
1206  
550  
1208  
525  
1156  
497  
1122  
542  
1236  
528  
1133  
517  
492  
1194  
514  
1197  
858  
528  
506  
1142  
478  
1103  
522  
1119  
558  
1053  
758  
519  
467  
1164  
558  
1147  
542  
503  
1219  
831  
856  
964  
578  
1353  
992  
961  
539  
494  
1253  
